1	1
1	2
2	3
3	1
3	2
4	4
4	5
4	6
5	4
5	5
5	6
6	4
6	5
6	6
7	4
7	5
7	6
8	7
9	4
9	5
9	6
10	8
10	9
11	4
11	5
11	6
12	4
12	5
12	6
13	4
13	5
13	6
14	4
14	5
14	6
15	4
15	5
15	6
16	10
16	11
3	12
17	12
16	13
18	14
19	1
20	12
21	12
22	1
22	2
19	2
23	4
23	5
23	6
24	1
24	2
25	8
26	4
26	5
26	6
27	1
27	2
25	9
28	4
28	5
28	6
29	8
30	8
31	8
32	15
33	1
33	2
34	8
35	12
8	16
36	8
10	17
30	9
37	8
31	9
38	1
38	2
39	4
39	5
39	6
34	9
40	8
41	4
41	5
41	6
42	15
43	12
44	8
45	8
37	9
46	8
40	9
47	8
29	9
44	9
45	9
48	4
48	5
48	6
46	9
47	9
36	9
49	4
49	5
49	6
50	18
51	15
52	19
53	20
54	12
26	10
26	11
26	13
55	10
55	11
55	13
56	10
56	11
56	13
57	21
58	21
59	4
59	5
59	6
25	17
60	22
60	23
61	20
62	21
29	17
16	1
16	2
30	17
31	17
36	17
34	17
63	4
63	5
63	6
64	10
64	11
64	13
43	24
65	7
43	25
66	15
67	26
67	27
68	21
69	22
69	23
70	20
19	4
19	5
19	6
71	18
72	10
73	4
73	5
73	6
74	8
75	8
43	28
43	29
43	30
76	22
76	23
37	17
8	31
8	32
46	17
77	4
77	5
77	6
78	4
78	5
78	6
35	24
47	17
40	17
79	33
72	11
72	13
80	8
45	17
74	9
81	22
81	23
82	18
44	17
83	1
83	2
18	34
43	35
84	36
85	21
86	8
43	37
87	1
87	2
88	21
35	28
35	29
35	30
35	25
89	8
90	16
80	9
91	38
92	10
75	9
93	8
43	39
94	33
39	1
95	8
96	4
96	5
96	6
43	40
43	41
97	4
97	5
97	6
35	39
35	35
35	42
98	16
89	9
99	4
99	5
99	6
100	12
18	19
92	11
92	13
93	9
43	42
84	43
39	2
101	12
86	9
95	9
102	12
103	26
104	26
105	9
105	8
106	10
35	37
107	18
108	22
108	23
26	1
26	2
109	44
109	45
10	46
110	36
110	43
43	47
14	1
111	16
106	11
106	13
35	47
13	1
13	2
35	40
35	41
112	10
113	48
113	49
114	4
114	5
114	6
115	29
115	24
115	30
110	50
110	51
110	52
116	26
80	38
117	4
117	5
117	6
118	22
118	23
119	18
120	1
18	53
18	54
103	27
104	27
14	2
67	55
109	56
121	57
43	58
35	59
43	60
112	11
112	13
35	61
35	62
115	28
122	26
122	27
84	50
84	51
84	52
123	63
123	64
123	65
123	66
123	67
123	68
18	57
77	1
77	2
124	26
124	27
74	17
125	16
126	10
126	11
126	13
127	10
127	11
75	17
128	69
120	2
129	70
129	71
130	69
43	72
43	73
43	74
109	75
43	61
43	62
43	76
43	77
131	16
132	38
35	78
133	7
35	79
35	80
35	81
115	39
115	35
115	42
121	14
80	17
115	25
115	37
116	27
121	19
10	82
77	10
77	11
77	13
134	10
134	11
134	13
127	13
43	78
43	59
135	24
135	25
135	37
136	83
136	84
136	85
136	86
136	87
137	10
137	11
137	13
43	88
43	79
43	81
138	26
138	27
139	63
139	64
139	65
139	66
139	67
139	68
95	17
24	4
24	5
24	6
89	17
140	69
49	89
49	90
49	91
49	92
141	48
141	49
35	72
35	73
35	74
142	7
43	93
18	94
14	95
143	38
144	96
144	97
144	98
144	99
144	100
144	101
43	102
43	103
43	104
115	40
115	62
115	41
110	105
145	96
145	97
145	98
145	99
145	100
145	101
84	105
93	17
146	16
147	10
148	49
109	106
18	107
84	108
84	109
84	110
149	107
86	17
135	30
135	40
43	80
150	20
151	111
152	83
152	84
152	85
152	86
152	87
153	26
35	88
52	112
52	113
52	114
52	115
52	116
52	34
154	117
35	118
151	119
155	55
156	95
43	120
115	47
115	58
115	60
25	46
157	121
157	122
157	123
157	124
157	125
157	126
158	122
158	123
158	124
158	125
158	126
159	24
35	127
35	76
35	77
43	128
43	129
43	130
155	26
115	61
160	12
146	7
110	131
147	11
147	13
10	132
148	48
151	117
37	46
84	133
110	108
110	109
110	110
161	20
135	29
162	96
162	97
162	98
162	99
162	100
162	101
163	10
163	11
163	13
135	62
135	41
84	134
109	135
54	1
54	2
64	12
43	118
105	17
164	44
43	136
43	137
43	138
109	139
104	140
67	141
165	33
166	34
31	46
18	142
167	143
168	144
30	46
67	18
115	93
43	122
43	123
43	124
43	125
43	126
43	145
26	146
26	147
26	148
26	149
26	150
26	151
26	152
159	29
159	30
164	48
164	49
158	145
169	153
170	36
43	154
171	24
34	46
40	46
35	155
43	156
43	157
115	59
115	79
115	80
172	63
172	64
172	65
172	66
172	67
172	68
115	81
44	46
173	96
173	97
173	98
173	99
173	100
173	101
29	46
29	82
174	18
175	158
175	159
84	131
176	20
121	160
177	3
178	10
178	11
178	13
116	140
179	29
179	24
179	30
53	161
43	95
46	46
180	22
180	23
110	133
181	44
135	28
61	161
110	134
26	162
26	163
47	46
151	164
151	165
49	166
182	32
183	144
184	22
184	23
36	46
36	82
109	167
151	168
109	169
49	170
49	171
49	172
49	173
49	174
49	175
49	176
154	111
185	18
133	177
43	155
43	127
186	144
49	178
22	20
45	46
29	179
187	26
104	180
104	181
104	182
104	183
104	184
49	185
49	75
121	94
35	136
35	137
35	138
26	186
104	187
104	188
104	189
104	190
104	191
77	192
188	69
154	193
154	194
43	195
35	196
189	197
189	198
38	10
38	11
38	13
115	73
115	74
115	130
115	156
115	157
115	199
52	53
52	54
159	25
159	37
43	200
156	201
159	39
159	28
159	35
115	72
115	200
133	202
190	69
191	203
191	204
191	205
191	206
170	43
115	78
115	118
43	207
43	208
192	18
158	121
193	4
193	5
193	6
171	25
171	37
14	20
194	197
194	198
35	209
43	210
43	199
43	211
195	197
195	198
121	212
109	178
196	26
196	27
197	48
197	49
14	18
25	82
198	213
164	214
199	1
199	2
200	215
200	216
200	217
200	218
200	219
200	220
201	10
201	11
201	13
175	221
116	188
116	189
202	179
179	39
179	28
179	35
179	42
116	180
116	181
116	182
116	183
116	184
116	222
116	223
116	224
203	197
203	198
38	4
38	5
38	6
179	25
179	37
43	201
43	225
43	226
43	227
43	228
129	229
135	39
135	35
135	42
135	59
204	230
37	82
151	193
151	194
135	61
151	231
135	76
135	155
135	77
205	18
1	4
1	5
1	6
206	25
207	197
207	198
109	232
26	83
26	84
26	85
26	86
26	87
92	233
92	234
92	235
92	236
92	237
92	238
151	239
208	144
109	240
109	241
104	222
104	223
104	224
109	143
43	196
209	242
209	243
209	244
209	245
209	246
187	27
67	247
67	248
210	55
112	233
112	234
112	235
112	236
112	237
112	238
104	249
14	250
156	153
110	251
67	252
153	27
169	95
104	253
104	254
104	255
104	256
104	257
104	258
104	259
104	260
211	1
211	2
31	82
212	261
12	166
30	82
72	262
67	263
167	186
170	50
170	51
170	52
159	40
159	41
43	264
43	265
43	266
213	267
35	268
18	160
115	128
115	129
36	269
156	225
156	226
156	227
156	228
214	158
213	270
115	271
115	272
115	273
115	274
35	58
43	271
36	123
36	125
36	126
159	42
215	144
110	275
216	123
216	126
18	212
217	276
217	277
217	278
217	279
217	280
217	281
217	282
217	283
217	284
217	285
217	286
171	30
158	120
158	195
158	287
218	96
218	97
218	98
218	99
218	100
218	101
219	55
115	127
220	140
220	182
220	183
220	184
220	222
220	223
220	224
157	145
171	40
171	41
40	82
34	82
221	288
222	144
43	289
220	187
185	197
185	198
43	290
155	27
223	75
224	267
6	178
10	291
10	292
28	293
122	18
224	270
49	294
225	95
226	8
227	33
228	33
229	33
230	33
231	83
231	84
231	85
231	86
231	87
232	295
232	296
232	297
232	298
232	299
233	202
234	300
235	58
236	83
236	84
237	96
237	97
237	98
237	99
237	100
237	101
238	301
25	132
234	48
234	49
44	82
116	187
116	190
116	191
239	302
240	7
184	55
116	257
116	258
116	259
116	260
116	303
93	49
212	107
241	26
241	27
242	8
116	304
116	305
116	306
116	307
93	308
243	20
244	1
244	2
135	81
245	19
150	309
135	79
246	8
46	82
247	20
248	197
248	198
249	8
16	192
47	82
52	142
206	37
206	40
206	41
26	310
206	28
206	29
206	24
206	30
19	192
250	311
251	3
205	197
205	198
252	20
109	312
182	31
253	8
109	313
56	96
56	97
56	98
56	99
56	100
56	101
254	20
45	82
43	209
86	230
49	314
49	315
255	9
255	8
49	316
256	261
49	143
250	230
257	317
109	309
109	318
258	143
181	167
43	319
16	262
14	320
14	321
14	322
77	186
259	143
260	8
104	303
14	323
261	324
43	268
109	325
93	326
93	327
93	328
93	329
93	330
93	331
93	332
93	333
93	334
93	335
93	336
93	337
43	338
104	339
104	340
198	341
196	342
67	343
67	344
216	104
167	232
14	345
14	346
14	347
262	20
159	62
259	294
31	132
146	107
263	348
170	131
264	349
35	60
169	350
170	105
265	301
30	132
115	210
115	211
43	273
43	274
159	59
266	83
266	84
266	85
266	86
266	87
115	88
217	351
217	352
217	353
217	354
217	355
217	356
267	8
150	357
43	287
256	107
14	358
14	359
14	360
14	361
217	362
115	363
35	364
214	221
158	365
155	252
181	45
216	120
67	187
143	366
115	196
35	120
259	367
43	121
221	368
164	308
84	251
140	48
140	49
220	305
220	306
220	307
234	369
36	121
36	122
36	124
264	316
216	125
115	370
40	132
268	9
268	8
204	8
159	47
34	132
220	188
220	189
220	249
220	190
220	191
220	253
220	254
220	180
220	339
220	340
220	255
220	256
220	257
220	258
220	259
220	260
220	181
220	303
64	96
64	97
64	98
64	99
64	100
64	101
43	371
214	159
269	372
269	373
269	374
269	375
269	376
269	377
259	186
250	9
250	8
103	140
103	182
103	183
103	184
103	223
103	224
164	378
164	379
270	380
211	187
201	381
179	60
115	76
115	155
115	77
43	382
43	383
259	316
271	384
26	192
272	4
272	5
272	6
171	28
171	29
171	35
81	385
109	386
211	140
211	180
211	260
211	181
211	182
211	183
211	184
211	222
211	223
211	224
273	38
181	56
223	45
274	308
84	275
275	26
275	27
29	132
259	387
259	388
122	389
276	34
116	249
14	390
277	391
277	392
278	393
278	394
226	9
44	132
279	8
235	130
235	156
235	157
236	85
236	86
236	87
280	316
235	60
281	96
281	97
281	98
281	99
281	100
281	101
93	48
8	395
166	396
116	253
116	254
116	255
116	256
116	397
179	59
133	398
282	389
179	40
179	62
179	41
283	33
284	399
109	400
37	132
242	9
285	372
285	373
285	374
116	401
116	402
181	75
286	4
286	5
286	6
179	47
287	144
288	8
277	128
277	129
277	130
289	140
290	7
291	29
291	24
291	30
116	403
176	10
176	11
176	13
292	8
116	404
135	80
135	47
239	18
293	230
294	302
181	312
295	8
296	8
297	9
297	8
246	9
298	9
298	8
46	132
299	69
300	170
300	171
300	175
300	176
257	348
300	186
301	186
47	132
110	405
302	1
302	2
169	393
169	394
249	9
271	324
71	69
206	39
206	35
206	42
206	61
206	62
206	81
36	132
303	270
151	406
26	407
26	408
304	96
304	97
304	98
304	99
304	100
304	101
305	8
306	8
307	9
307	8
308	8
84	409
196	410
196	411
303	267
151	270
196	412
164	413
49	212
309	9
309	8
310	8
311	96
311	97
311	98
311	99
311	100
311	101
312	96
312	97
312	98
312	99
312	100
312	101
313	9
313	8
45	132
151	414
150	415
110	416
253	9
49	417
84	416
151	275
277	212
150	393
29	230
314	1
314	2
223	135
164	230
104	304
104	305
104	306
104	307
38	418
38	419
38	420
38	421
38	422
38	423
8	424
8	425
166	142
315	426
316	9
316	8
259	232
49	387
49	388
49	427
317	428
274	48
274	49
318	381
104	397
319	412
319	410
319	411
320	170
320	171
320	175
320	176
49	384
167	429
264	294
150	153
151	430
151	431
93	432
260	9
77	162
77	163
321	27
104	403
322	140
264	433
323	332
323	333
323	334
323	335
323	337
323	434
43	364
109	435
49	436
320	172
320	173
320	174
67	437
67	438
216	102
216	103
196	439
103	141
43	440
67	441
153	140
324	9
324	8
325	269
149	261
326	442
115	154
115	371
264	212
80	201
104	443
159	79
159	61
159	80
140	444
327	445
327	446
258	232
60	187
67	447
216	448
216	449
216	450
216	451
216	452
216	453
216	454
220	455
86	317
43	456
109	457
150	458
115	290
156	459
35	95
43	460
26	461
223	435
35	93
115	462
115	463
115	464
115	465
35	460
328	466
328	391
328	392
328	467
129	428
70	161
35	128
35	129
35	130
35	154
329	9
329	8
213	468
267	9
330	26
330	27
170	108
35	122
35	123
35	124
35	125
35	126
35	145
259	212
35	195
109	469
171	62
331	22
331	23
115	268
43	470
67	184
67	224
275	40
220	471
220	403
160	288
160	368
115	137
104	141
14	472
269	473
103	180
103	181
103	222
43	474
35	475
220	397
220	476
220	477
220	478
220	479
220	401
220	402
220	304
19	186
332	9
332	8
204	9
274	9
274	8
80	153
171	76
171	77
221	480
115	481
243	316
67	140
37	311
43	482
16	149
16	150
16	151
16	152
216	195
264	75
35	102
35	103
35	104
56	1
56	2
138	28
138	29
138	24
138	30
138	25
138	37
259	433
264	143
67	483
259	484
259	485
259	486
259	487
259	488
259	489
259	490
259	491
259	492
259	493
259	494
148	329
148	330
148	331
148	332
148	333
148	334
148	335
148	337
148	495
333	496
333	497
333	498
201	499
201	500
201	501
201	502
201	503
43	504
43	505
334	506
334	507
221	439
67	188
67	189
67	249
67	190
181	106
211	188
211	189
211	257
211	258
211	259
211	303
335	410
335	411
171	39
171	47
67	183
67	223
155	141
336	69
54	96
54	97
54	98
54	99
54	100
54	101
234	308
337	9
337	8
308	38
257	508
54	10
54	11
54	13
296	26
296	27
274	432
274	326
274	327
274	328
274	329
274	330
274	331
274	332
274	333
274	334
274	335
274	336
274	337
338	162
338	163
211	304
211	305
211	306
211	307
211	404
211	471
211	403
339	197
339	198
44	22
44	23
243	349
169	509
169	510
169	511
340	96
340	97
340	98
340	99
340	100
340	101
26	512
67	513
101	143
179	58
341	3
156	514
342	372
342	373
342	374
342	375
342	376
342	377
342	473
109	515
343	9
343	8
116	339
116	340
344	9
344	8
345	9
345	8
135	128
135	129
135	130
135	156
135	58
277	466
277	467
279	9
346	95
280	212
235	93
52	516
347	396
348	10
348	11
348	13
179	79
179	61
179	80
86	517
86	518
235	199
3	323
264	314
289	403
124	141
6	166
285	375
285	376
285	377
116	477
116	478
116	479
349	4
349	5
349	6
350	396
138	369
289	182
289	183
289	184
289	223
289	224
154	519
351	520
351	521
216	522
289	187
289	188
289	189
179	73
179	74
289	523
289	524
289	525
289	526
289	527
289	528
289	529
289	530
289	448
289	449
289	450
289	451
289	452
289	453
289	454
289	531
291	28
291	35
291	25
291	37
291	40
291	62
291	41
288	9
352	9
352	8
124	389
353	309
354	197
354	198
292	9
235	128
235	129
235	154
179	78
179	118
6	294
277	58
355	10
355	11
351	119
356	9
356	8
124	263
150	532
357	216
357	217
357	218
116	471
241	295
241	296
241	297
43	459
358	514
135	127
6	316
359	96
359	97
359	98
359	99
359	100
359	101
121	142
295	9
296	9
135	78
135	118
360	9
360	8
257	533
257	534
300	172
300	173
300	174
361	393
362	143
221	39
221	28
221	29
221	24
221	35
221	30
221	42
221	25
221	37
221	59
135	338
110	535
31	144
363	26
364	9
364	8
365	9
365	8
155	9
155	8
271	170
271	171
271	172
271	173
271	174
271	175
271	176
366	3
151	536
151	537
151	538
151	539
367	4
367	5
367	6
110	540
110	541
84	405
84	535
368	4
368	5
368	6
181	178
6	143
206	59
206	79
206	80
369	33
109	542
363	507
370	9
370	8
371	9
371	8
372	9
372	8
305	9
306	9
308	9
373	18
196	543
196	544
196	545
26	546
374	168
109	547
210	9
210	8
310	9
375	9
375	8
257	9
257	8
234	22
234	23
110	409
376	177
16	310
38	548
377	549
377	550
378	444
379	177
151	551
151	552
196	553
84	554
67	250
67	345
67	346
67	347
164	311
26	262
261	548
379	398
150	394
49	555
74	46
151	556
151	557
258	558
258	559
18	560
18	561
380	507
38	562
258	178
43	475
151	563
75	46
75	82
122	140
122	182
122	183
122	184
122	222
122	223
122	224
49	433
49	564
223	241
210	252
22	393
22	394
319	553
24	393
24	394
216	153
381	565
16	566
16	567
16	568
16	569
16	570
16	571
382	230
264	572
264	573
35	319
14	574
19	162
19	163
104	477
104	478
104	479
104	401
104	402
277	170
277	171
277	172
277	173
277	174
277	175
277	176
104	404
104	471
35	575
106	192
219	18
259	89
259	90
259	91
259	92
322	187
322	188
322	189
322	190
322	191
322	253
322	254
322	180
322	182
322	183
322	184
322	223
322	224
383	396
156	484
156	485
156	486
156	487
156	488
156	489
156	490
156	491
156	576
156	492
156	493
156	494
156	577
156	578
156	579
318	499
318	500
318	501
318	502
318	503
150	580
196	581
196	582
196	583
104	584
104	585
104	586
49	572
49	573
67	357
67	458
164	587
319	543
319	544
319	545
159	81
67	588
258	170
258	171
258	172
258	173
258	174
258	175
258	176
384	507
153	188
153	189
60	188
60	189
60	249
60	190
60	191
60	140
60	253
60	254
60	180
60	339
60	340
60	255
60	256
60	257
60	258
60	259
60	260
60	181
60	182
60	183
60	184
60	303
60	222
60	223
60	224
60	397
60	476
60	477
60	478
60	479
60	401
60	402
60	304
60	305
60	306
60	307
60	404
60	589
60	471
60	590
60	591
60	403
60	592
60	593
60	594
60	595
60	596
60	597
323	329
323	330
323	331
323	495
323	598
26	599
26	600
26	601
26	602
26	603
153	180
153	181
153	182
153	183
153	184
153	222
153	223
153	224
385	396
164	432
164	326
164	327
164	328
164	329
164	330
164	331
164	332
164	333
164	334
164	335
158	604
158	605
321	26
80	225
80	226
216	207
216	208
386	7
156	323
156	606
36	607
36	608
387	187
115	382
115	383
115	505
220	609
220	610
220	611
19	144
49	612
43	613
43	614
43	615
43	616
216	523
216	524
216	525
216	526
216	527
216	528
216	529
216	530
216	531
388	283
388	286
388	351
49	558
49	559
320	384
259	314
259	315
49	45
389	617
167	212
387	140
387	182
387	183
387	184
387	223
387	224
387	306
387	307
387	403
151	618
115	619
115	620
115	621
390	69
154	168
77	461
150	1
150	2
37	622
37	623
37	624
40	507
170	109
170	110
170	133
115	625
35	289
196	626
43	627
138	628
16	4
16	5
16	6
133	599
133	600
133	601
133	603
116	629
116	584
116	585
116	586
391	179
392	496
392	497
392	498
393	507
109	630
216	145
155	441
133	396
43	370
328	631
14	201
14	225
14	226
394	135
90	7
35	627
93	632
93	633
93	495
93	598
93	434
328	634
328	635
328	636
395	507
22	415
49	637
49	638
49	639
55	566
55	567
55	568
55	569
55	570
55	571
157	269
43	640
358	95
216	122
216	124
126	507
14	606
396	641
264	367
358	599
358	600
358	601
358	603
259	178
115	364
124	55
191	70
191	71
179	288
179	368
35	642
35	643
78	250
78	345
78	347
3	357
167	644
167	645
43	391
43	392
67	646
129	647
397	648
220	443
220	649
398	269
115	650
35	121
216	358
216	359
216	360
216	361
216	472
399	170
399	171
399	172
399	173
399	174
399	175
399	176
103	306
103	307
262	484
262	485
262	486
262	487
262	488
262	489
262	490
262	491
262	576
262	492
262	493
262	494
264	186
35	156
35	157
43	272
400	507
220	404
220	589
220	590
220	591
220	592
220	593
220	594
220	595
220	596
148	651
148	652
148	653
148	629
148	584
148	585
115	136
115	138
158	654
216	655
353	415
58	393
58	394
390	565
150	656
12	314
12	315
138	39
138	35
138	42
138	59
19	146
19	147
19	148
19	149
19	150
19	151
19	152
224	468
167	657
401	163
16	146
16	147
16	148
67	180
275	28
275	29
275	24
275	30
275	25
275	37
275	61
275	62
275	41
275	81
103	187
103	188
103	189
103	190
103	191
103	253
103	254
103	255
103	256
103	257
103	258
103	259
103	260
103	303
259	572
259	573
115	209
233	658
220	48
220	49
325	533
167	659
221	660
115	661
402	393
402	394
154	275
3	233
3	234
3	235
3	236
3	237
3	238
93	662
403	428
257	663
257	664
257	665
257	666
257	667
257	668
259	576
167	669
67	182
67	222
280	143
109	670
138	61
138	40
138	62
138	41
138	81
223	671
143	95
67	403
216	287
150	672
355	26
355	27
148	326
148	327
148	328
148	336
148	632
148	633
148	598
148	434
148	673
148	674
148	675
121	676
6	433
157	120
220	677
220	678
220	679
220	680
220	681
220	682
264	232
35	207
35	208
152	683
404	247
404	248
211	190
211	254
211	255
211	256
258	75
232	684
232	685
335	545
221	686
67	687
80	46
13	20
171	42
28	688
191	393
191	394
211	401
211	402
211	589
211	595
211	689
211	690
211	691
211	692
211	693
211	694
211	695
405	24
406	121
406	122
406	123
406	124
406	125
406	126
259	578
259	579
407	696
159	88
159	72
159	73
159	74
171	73
171	74
43	363
80	27
210	26
179	93
179	200
179	271
179	272
179	273
179	274
408	95
8	697
49	167
233	291
233	292
271	75
6	75
277	631
235	200
235	271
235	272
235	273
235	274
408	153
135	157
277	634
277	635
277	636
112	1
112	2
223	139
116	443
409	393
409	394
410	95
80	26
411	1
411	2
412	414
197	308
54	372
54	373
54	374
54	375
54	376
54	377
54	473
368	95
18	698
179	81
116	141
369	38
264	315
93	46
413	507
232	507
12	496
12	497
12	498
414	699
109	700
122	55
415	49
101	232
194	412
6	427
116	476
416	393
416	394
109	701
417	69
418	647
419	677
419	678
419	679
419	680
419	681
419	682
289	254
289	180
289	257
289	258
289	259
289	260
289	181
289	303
289	222
176	161
420	410
420	411
420	545
289	249
289	190
289	191
289	306
289	307
421	699
216	702
291	79
291	61
285	473
422	144
277	60
277	93
423	48
423	49
262	301
325	63
325	64
325	65
325	66
325	67
325	68
320	45
353	532
148	455
148	609
101	703
67	389
424	704
425	410
425	411
425	545
77	688
279	455
279	609
279	610
279	611
291	39
291	42
426	294
211	48
211	49
427	179
116	589
116	594
116	595
116	597
277	156
277	157
357	215
357	219
357	220
116	705
3	606
16	706
16	707
235	382
235	383
235	210
235	211
235	371
140	22
140	23
428	617
429	393
429	394
243	143
135	209
271	657
430	507
18	708
431	301
256	16
101	709
287	704
432	179
109	429
86	46
86	82
433	202
179	88
179	72
289	710
289	711
434	507
246	17
109	712
155	250
155	345
155	347
355	13
361	394
435	393
435	394
426	33
258	349
221	79
221	61
221	40
221	80
221	62
221	41
221	81
16	688
135	440
135	613
135	713
220	123
220	126
239	565
221	47
221	78
221	118
197	455
197	609
197	610
197	611
18	714
276	19
363	27
271	558
271	559
220	689
220	690
220	691
220	692
220	693
220	694
220	695
436	179
202	9
202	8
437	9
437	8
271	572
271	573
52	396
438	83
438	84
438	85
438	86
438	87
289	715
439	22
439	23
440	143
191	716
191	717
191	718
191	719
191	720
206	76
206	77
271	387
271	388
109	721
84	540
84	541
150	161
441	507
261	186
315	722
206	47
178	83
178	84
178	85
178	86
178	87
89	46
105	46
442	9
442	8
443	9
443	8
444	723
320	232
151	724
109	725
374	563
320	143
151	726
151	727
109	728
109	729
320	564
320	212
445	9
445	8
446	507
163	20
22	161
447	186
448	549
448	550
258	89
258	90
258	91
258	92
110	730
261	314
196	731
196	732
19	688
18	733
151	734
76	308
181	309
110	554
202	549
202	550
449	153
38	735
38	736
196	737
181	318
106	262
109	417
18	738
156	38
18	739
151	740
24	415
49	741
164	742
164	743
77	744
450	745
253	17
74	82
18	261
451	56
452	746
452	747
452	748
151	749
453	398
121	738
250	750
250	751
250	752
250	753
250	754
250	755
250	756
250	757
250	758
250	759
258	760
16	407
16	408
454	746
146	261
77	761
77	762
77	763
77	764
55	192
108	230
26	567
26	568
26	569
26	570
26	571
455	410
455	411
67	765
122	187
122	188
122	189
122	249
122	190
122	443
122	191
122	253
122	254
122	180
122	339
122	340
122	255
122	256
122	257
122	258
122	259
122	260
122	181
122	649
122	303
122	397
49	232
49	760
404	342
456	723
255	17
258	185
49	766
344	410
344	411
14	767
260	746
260	748
260	768
260	769
49	770
110	771
84	771
109	772
252	18
26	773
67	774
153	141
104	476
151	775
14	350
335	418
335	419
335	420
335	421
335	422
335	423
110	776
322	306
322	307
322	403
320	387
320	388
108	1
108	2
280	166
104	629
457	372
457	373
457	374
457	375
457	376
322	249
322	255
322	256
322	257
322	258
322	259
322	260
322	181
322	303
322	222
322	397
458	777
104	778
104	779
104	780
104	781
104	782
104	783
104	784
156	785
156	786
459	787
49	788
213	119
315	789
73	688
109	294
78	790
460	27
104	250
319	737
319	731
319	732
150	250
322	443
122	306
122	307
110	193
110	194
135	466
135	391
135	634
135	392
135	635
135	636
135	467
135	631
135	791
164	792
164	793
164	794
164	795
461	704
55	688
121	107
154	239
26	688
122	403
16	546
141	308
35	796
196	797
216	378
216	379
216	214
260	17
26	798
95	46
153	187
153	190
153	191
462	10
462	11
462	13
104	799
104	800
104	801
104	802
104	803
104	804
49	313
223	169
463	410
463	411
26	232
164	336
164	337
104	589
104	590
104	591
104	593
104	594
104	595
104	597
109	805
109	806
109	807
24	588
159	76
159	77
78	153
207	808
170	405
170	540
170	541
347	34
43	642
43	643
104	809
104	649
187	141
150	810
323	674
323	811
464	426
14	812
14	813
250	44
18	676
60	814
60	815
67	816
67	817
109	818
216	819
14	187
14	706
14	707
338	744
167	572
167	573
465	75
115	504
35	470
153	257
153	258
153	259
153	260
153	303
155	18
77	546
466	820
466	821
466	822
466	823
466	824
466	825
60	826
60	827
264	828
35	201
35	225
35	226
35	227
35	228
35	26
35	27
196	686
164	829
467	1
467	2
223	178
170	134
323	326
323	327
323	328
323	336
323	632
323	633
93	830
93	831
155	247
155	248
250	832
49	833
110	834
387	188
387	189
387	249
387	190
387	191
387	253
387	254
387	180
387	339
387	340
387	255
387	256
387	257
387	258
387	259
387	260
387	181
387	303
387	222
387	397
387	476
387	477
387	478
387	479
387	401
387	402
387	304
387	305
387	826
387	404
387	589
387	471
387	590
387	591
387	592
387	593
387	594
387	595
387	596
387	827
387	597
264	89
264	90
264	91
264	92
115	835
108	69
198	56
80	95
97	688
24	320
24	321
24	322
24	574
224	119
167	185
345	790
345	836
36	837
164	838
164	839
109	840
49	349
468	776
469	841
167	842
196	843
93	844
93	845
93	673
93	674
93	675
93	846
43	365
198	143
129	847
104	705
63	688
158	104
241	438
470	144
259	349
258	314
258	315
110	848
110	849
264	850
93	851
43	852
198	232
37	853
86	177
213	231
167	854
243	250
243	345
243	346
243	347
196	855
196	856
196	857
26	514
169	858
160	859
43	661
67	778
10	750
10	751
10	752
10	753
10	754
10	755
10	756
10	757
10	758
10	759
471	549
471	550
220	778
159	127
72	96
72	97
72	98
72	99
72	100
72	101
211	455
211	609
211	610
211	611
472	507
63	192
404	187
404	188
404	189
404	249
404	190
473	860
261	247
261	248
26	143
474	45
216	121
220	295
220	296
220	297
220	298
220	299
475	861
14	862
476	26
476	27
388	276
109	863
220	809
220	864
477	372
477	373
477	374
477	375
14	227
14	228
103	304
103	305
478	7
479	507
84	193
84	194
267	17
3	458
35	865
35	210
35	199
35	211
43	866
26	867
197	300
404	140
257	868
37	869
37	870
373	832
373	871
373	872
480	372
480	373
480	374
480	375
480	376
480	377
480	473
276	142
115	460
328	791
220	826
159	78
159	118
54	688
78	346
9	153
481	873
143	250
143	345
143	347
43	874
43	875
67	575
169	777
220	876
279	390
156	877
86	878
84	776
115	879
43	466
43	467
482	178
124	483
483	27
82	69
171	155
43	880
103	881
37	750
37	751
37	752
37	753
37	754
37	755
37	756
37	757
37	758
37	759
484	27
148	586
217	882
217	883
217	884
217	885
6	417
35	382
35	482
35	383
169	789
103	397
67	191
67	253
67	254
67	307
78	95
480	410
480	411
480	545
485	886
6	45
116	387
116	388
401	162
35	200
35	264
35	265
35	266
180	135
486	342
338	186
259	887
179	480
224	231
3	888
487	889
487	890
438	1
438	2
488	7
199	230
103	249
103	339
103	340
259	891
259	892
259	893
259	894
259	895
259	896
259	897
259	898
259	899
262	577
262	578
262	579
49	324
44	385
264	900
67	283
67	286
268	17
216	654
204	17
14	901
150	902
133	903
154	749
3	120
67	705
164	588
259	185
325	534
394	56
43	904
169	905
169	906
275	76
275	155
275	77
109	186
489	396
138	79
138	80
103	403
490	55
49	907
232	908
491	391
115	909
67	910
280	314
280	315
14	135
160	480
399	507
148	911
148	912
258	788
492	913
264	648
493	410
493	411
67	509
67	510
67	511
109	436
494	483
259	873
235	29
235	24
198	914
275	39
275	35
275	42
275	59
275	79
275	80
216	269
127	146
127	147
127	148
127	149
127	150
127	151
127	152
148	915
495	48
495	49
55	4
55	5
55	6
6	170
6	171
6	172
6	173
6	174
6	175
6	176
115	466
115	391
115	392
115	467
35	287
16	461
328	916
67	260
67	181
280	232
274	632
274	633
274	495
274	851
274	598
274	434
171	78
171	118
171	59
9	825
490	628
122	141
335	737
335	553
335	412
264	178
35	338
109	671
24	309
24	532
159	136
159	137
159	138
171	72
171	79
171	61
171	81
138	76
138	155
138	77
496	283
496	286
496	351
497	617
6	558
6	559
384	398
148	844
148	845
498	688
198	45
499	186
181	232
109	902
109	672
83	917
113	455
113	609
171	26
171	27
207	122
207	123
207	124
207	125
207	126
31	27
109	918
126	506
257	390
259	577
22	4
22	5
22	6
148	919
500	704
116	778
116	779
116	780
116	781
116	782
116	783
116	784
501	920
323	48
323	49
115	338
280	89
280	90
280	91
280	92
277	324
14	153
405	25
405	37
211	478
211	479
211	590
211	591
211	594
148	921
258	316
221	922
221	923
221	924
43	625
67	306
405	39
405	28
405	29
405	35
405	30
405	42
258	212
502	484
502	485
502	486
502	487
502	488
502	491
502	494
84	442
210	27
346	201
346	225
346	226
346	227
346	228
503	925
503	926
503	927
503	928
408	393
408	858
10	699
470	323
211	249
211	191
211	253
211	339
211	340
335	544
6	833
221	929
221	930
504	422
504	423
135	154
135	382
406	396
258	387
258	388
505	418
505	419
505	420
10	517
10	518
80	82
149	34
92	1
257	291
257	292
8	931
148	846
148	932
179	370
6	688
6	599
6	600
6	601
6	603
506	63
506	64
506	65
506	66
506	67
506	68
507	410
507	411
507	544
176	192
508	933
235	363
235	462
235	463
235	464
84	934
179	130
179	156
179	157
179	199
509	38
158	25
101	659
226	17
109	935
109	936
109	937
109	938
279	17
289	253
289	339
289	340
289	255
289	256
154	267
116	649
196	389
196	939
80	514
510	34
511	940
127	144
289	479
289	401
289	402
289	304
289	305
289	404
289	589
289	471
289	594
289	595
6	788
410	201
410	225
194	553
3	24
296	55
512	507
220	597
14	941
14	942
368	153
513	288
513	480
513	368
148	943
258	135
194	410
194	411
116	45
277	200
277	271
215	944
514	38
273	366
179	196
179	127
309	170
309	171
309	175
309	176
169	945
169	946
169	947
104	948
104	38
109	949
277	154
420	412
420	543
420	544
420	731
420	732
399	860
234	913
148	950
258	951
116	826
515	828
10	952
516	301
94	342
289	953
289	954
289	955
289	956
289	957
289	958
291	59
291	80
12	372
12	373
12	374
517	549
517	550
95	123
95	125
95	126
220	959
277	199
277	211
399	410
399	411
291	81
518	960
518	888
518	961
519	48
519	49
425	543
425	544
242	17
122	438
388	347
154	724
288	17
137	507
422	962
422	963
422	964
422	965
422	966
422	967
422	968
422	969
109	349
235	289
520	728
6	970
6	32
116	590
116	591
116	593
26	971
405	95
271	873
116	815
196	38
241	298
241	299
56	262
101	75
109	972
222	746
222	747
222	748
521	455
521	609
521	610
521	611
237	789
135	74
522	973
522	974
522	975
522	976
522	977
522	978
522	979
338	980
235	290
335	981
523	549
523	550
109	982
109	760
524	648
135	342
129	983
127	192
258	241
289	984
164	702
245	14
155	346
235	504
235	505
6	89
6	90
6	91
6	92
295	17
525	507
296	17
135	196
298	17
161	161
125	7
405	26
405	27
241	985
526	28
526	29
526	24
526	35
526	30
527	499
527	500
527	501
527	381
527	502
527	503
243	232
220	124
220	125
220	120
220	195
528	166
529	410
529	411
529	544
233	348
297	17
109	986
109	987
109	988
109	989
109	990
109	991
109	992
120	309
530	38
155	888
362	232
221	127
221	76
221	209
221	155
221	77
531	63
531	64
531	65
531	66
531	67
531	68
271	186
271	314
271	315
179	137
221	73
221	74
135	993
135	614
135	615
155	961
224	724
109	324
271	703
76	187
362	89
362	90
362	91
362	92
532	994
249	17
533	549
533	550
534	4
534	5
534	6
109	995
535	69
258	294
440	232
536	996
536	997
348	1
348	2
206	155
537	55
135	215
135	216
135	217
135	218
135	219
135	220
374	117
133	998
492	999
109	1000
109	1001
206	127
271	232
89	82
105	82
285	507
305	17
306	17
307	17
308	17
538	96
538	97
538	98
538	99
538	100
538	101
206	410
206	411
181	169
181	143
300	572
300	573
109	1002
206	78
49	1003
258	724
433	549
433	550
367	688
539	507
310	17
540	9
540	8
541	221
541	158
541	159
313	17
181	701
18	648
223	728
110	1004
212	94
84	1004
151	519
18	1005
181	139
84	730
181	1006
363	1007
300	648
151	1008
363	506
109	341
49	1009
196	1010
196	1011
261	232
152	1012
14	393
110	1013
110	1014
151	834
196	1015
129	716
129	717
129	718
129	719
129	720
542	166
26	293
49	1016
264	891
264	892
264	893
264	894
264	895
264	896
264	897
264	898
264	899
300	314
300	315
258	324
49	1017
277	185
151	1018
309	17
151	1019
151	1020
151	1021
151	1022
164	1023
164	1024
164	1025
543	240
151	267
26	566
138	141
138	263
27	95
121	1026
261	143
481	45
196	1027
196	1028
196	1029
18	1030
18	1031
544	549
544	550
260	747
14	1032
74	132
300	45
67	1033
67	1034
67	1035
545	553
545	412
546	1036
454	747
300	384
321	716
321	717
321	718
321	719
321	720
199	1037
116	250
167	1038
264	1039
264	1040
264	1041
264	1042
261	1043
261	1044
77	1045
250	413
104	1046
380	506
380	1007
455	553
455	412
150	323
19	546
19	1047
19	1048
19	1049
151	468
452	768
110	1050
3	1051
3	1052
3	1053
3	1054
547	1055
264	1056
264	1057
548	1058
277	314
455	544
49	1059
451	45
151	1060
151	1061
549	1062
43	916
550	704
75	132
81	1046
3	1063
458	1064
220	999
322	477
322	478
322	479
322	401
322	402
322	304
322	305
322	404
322	589
322	471
322	590
322	591
322	593
322	594
322	595
26	888
322	339
322	340
49	186
110	406
551	1065
359	293
552	1066
552	832
552	1067
552	871
552	872
552	1068
155	1069
378	48
378	49
322	778
322	779
322	780
322	781
322	782
322	784
322	1070
322	1071
156	410
156	411
156	544
49	241
110	1008
104	347
553	549
553	550
457	377
457	473
151	1072
554	302
196	1073
196	1074
196	1075
196	1076
196	838
196	839
322	649
84	1050
167	178
344	545
167	1077
167	1078
167	1079
43	796
14	1080
114	96
114	97
114	98
114	99
114	100
114	101
122	809
122	864
154	834
43	529
43	530
43	448
43	449
43	450
43	451
43	452
43	453
316	17
104	1081
104	921
104	651
104	652
104	653
223	547
104	1070
104	1071
104	1082
104	1083
104	1084
104	864
104	1085
215	746
215	747
215	748
76	950
319	1010
319	1086
159	155
14	1087
14	1088
103	263
149	94
72	24
78	320
78	321
78	322
78	574
112	1089
122	876
122	476
122	477
122	478
122	479
122	401
122	402
122	304
122	305
122	826
122	404
122	589
122	471
304	981
49	32
35	852
35	640
43	865
67	1090
67	1091
14	1092
14	945
14	946
14	947
14	509
14	510
14	511
466	1093
466	1094
466	1095
466	1096
466	1097
466	1098
466	1099
49	261
60	443
60	649
60	876
264	887
152	546
164	878
104	1100
49	701
49	1101
49	842
213	726
213	727
3	819
167	1102
157	1103
157	1104
157	1105
384	777
135	1106
555	1107
14	778
110	442
264	688
35	141
196	1108
196	1109
13	512
225	151
225	152
150	1110
170	535
84	414
556	1111
387	443
387	649
387	876
151	907
264	387
264	388
557	221
557	158
557	159
95	82
153	253
153	254
153	255
153	256
169	250
104	826
104	592
104	596
395	506
277	186
324	17
49	599
49	600
49	601
49	603
558	56
559	411
559	545
198	887
169	309
169	532
353	250
340	18
354	367
49	657
335	562
485	426
323	1112
67	628
67	1113
36	145
104	1114
277	384
319	1027
319	1028
319	1029
319	1015
496	855
496	856
496	857
71	242
71	243
71	244
71	245
71	246
259	512
156	813
460	26
49	414
560	27
463	545
93	1115
26	1116
561	121
561	122
561	123
561	124
561	125
561	126
109	873
562	1117
77	310
18	1118
55	293
26	95
63	293
60	1119
384	506
384	1007
43	481
67	514
36	120
129	1120
129	1121
216	1122
207	999
142	1123
81	950
196	930
196	1124
196	1125
196	1126
135	1127
135	1128
135	1129
135	1130
135	1131
135	1132
67	810
67	153
14	789
156	357
300	842
258	1056
258	1057
170	730
60	1133
60	705
6	396
491	24
491	30
198	547
214	1134
153	249
216	320
216	321
216	322
563	26
77	1047
77	1048
77	1049
564	170
564	171
564	172
564	173
564	174
564	175
564	176
459	559
49	512
49	1039
49	1040
49	1041
49	1042
565	507
394	232
116	799
116	800
116	801
116	802
116	803
116	804
167	548
264	1135
401	186
566	44
567	1136
158	102
158	103
568	506
568	507
373	311
569	1137
569	1138
211	1139
19	744
121	1005
323	673
323	675
323	846
323	932
323	1140
328	1127
220	779
220	780
220	781
220	782
220	783
220	784
220	1100
220	1070
220	1071
220	1082
220	1141
220	1142
220	1083
220	1084
220	1143
220	1144
220	1145
220	1146
220	1147
14	1148
13	212
138	888
138	961
138	1149
167	314
167	315
143	346
558	75
67	1150
67	1151
67	905
67	906
67	961
570	390
164	1152
164	1153
164	1154
164	1155
164	1156
164	1157
164	1158
104	263
159	196
150	345
150	347
49	312
110	1159
84	406
12	170
12	171
12	172
12	173
12	174
12	175
12	176
264	724
196	1160
135	283
164	1073
164	1074
164	1075
164	1076
104	814
104	815
571	1161
404	191
404	253
404	254
404	180
404	182
404	183
404	184
404	223
404	224
13	89
13	90
13	91
13	92
106	546
27	1162
8	696
250	1066
157	607
157	608
157	837
328	1106
358	960
358	888
216	953
216	954
216	955
216	956
216	957
477	376
477	377
477	473
106	310
192	1163
148	1164
148	1165
572	19
35	504
35	505
330	263
196	1166
196	1167
196	1168
14	146
14	147
14	148
14	149
14	150
14	151
14	152
77	146
77	147
77	148
77	149
77	150
77	151
77	152
484	26
573	75
472	506
264	512
115	627
67	1169
67	1170
153	304
153	305
153	306
153	307
164	1171
164	1172
164	1173
14	372
14	373
14	374
14	375
14	376
14	377
14	473
78	1174
78	1175
78	1176
259	1177
38	1178
38	1179
325	607
325	608
213	519
167	558
167	559
323	851
93	455
93	609
93	610
93	932
26	1180
67	888
574	1181
574	1182
574	1183
574	1184
216	1185
216	984
216	710
216	711
14	357
37	317
259	75
156	27
388	353
329	17
575	410
575	411
221	1186
221	1187
221	911
221	912
221	1188
221	1189
221	1190
221	1191
221	1192
221	1193
221	1194
221	1195
221	1196
393	506
393	1007
115	475
115	1197
115	1198
169	901
109	1199
395	1007
259	760
466	548
49	1200
49	367
217	28
217	29
217	24
217	35
217	30
217	25
217	37
217	79
217	61
217	40
217	62
217	41
217	81
167	45
558	44
35	371
35	290
67	351
80	140
80	180
80	260
80	181
80	182
80	183
80	184
80	222
80	223
80	224
80	304
80	305
80	306
80	307
80	404
80	471
80	403
169	1201
576	50
576	51
576	52
14	1202
192	26
192	27
259	637
259	638
259	639
8	1203
493	412
330	1204
330	1205
330	1206
330	1207
67	443
10	1208
10	1209
216	1210
220	584
220	585
220	586
220	799
220	800
220	801
220	802
220	803
220	804
54	1087
217	130
217	156
217	58
217	157
217	199
217	60
217	93
217	200
217	363
264	429
43	1211
43	1212
43	1213
43	1214
277	126
277	120
15	1215
15	1216
15	1217
14	1218
103	404
103	471
279	533
148	369
40	1007
388	277
388	278
388	279
388	280
388	281
388	362
388	282
388	284
388	285
84	1219
121	708
224	726
224	727
3	121
3	122
3	123
3	124
3	125
3	126
3	145
221	1151
221	905
221	906
169	1220
169	1151
169	706
483	26
14	599
14	600
14	601
14	603
103	477
103	478
103	479
103	401
103	402
103	629
103	584
103	585
103	586
259	429
49	887
577	318
167	1221
264	185
135	276
135	277
135	278
135	279
135	280
135	281
26	247
26	248
578	1136
208	483
579	369
24	323
24	606
150	1220
150	1151
150	905
150	906
207	295
207	296
207	297
207	298
207	299
259	688
373	1066
373	1067
373	1068
480	412
480	543
480	544
480	731
480	732
49	1222
49	688
49	1223
49	1224
235	30
415	950
167	701
330	777
233	1225
158	655
13	166
141	455
141	609
141	610
141	611
64	1226
156	1227
55	546
116	1081
116	921
116	651
116	652
116	653
3	960
221	1228
221	1229
221	1230
221	1231
221	1232
221	1233
221	1234
221	1235
221	1236
221	1237
221	1238
221	1239
221	1240
491	466
491	392
491	467
491	631
31	140
31	182
31	183
31	184
31	222
31	223
31	224
31	306
31	307
31	403
43	1241
328	1242
328	1243
328	1244
198	1245
516	728
580	1246
580	1247
169	798
54	146
54	147
54	148
54	149
54	150
54	151
54	152
19	10
19	11
19	13
179	1186
179	1187
237	1248
3	104
581	1137
581	1138
167	703
264	907
582	565
115	319
296	1249
67	1250
67	1251
280	178
280	512
400	506
400	1007
332	17
216	365
13	637
13	638
13	639
13	143
274	17
171	136
171	137
171	88
171	138
78	626
271	565
406	145
583	1137
583	1138
508	369
542	1062
6	314
6	315
67	339
67	340
67	255
67	256
67	257
67	258
67	259
67	303
461	1252
164	1253
109	1254
109	1255
109	1256
109	1257
109	1258
220	276
220	277
220	278
220	279
220	280
220	281
277	1259
277	1260
277	1261
277	1262
277	1263
14	1220
14	1151
14	905
14	906
584	455
584	609
274	830
274	831
585	283
399	1007
259	1009
211	778
148	1188
148	1191
148	1193
148	1194
148	1195
148	1264
148	1265
148	1266
148	1267
148	1268
148	1269
148	1270
148	1271
148	1272
148	1273
586	855
586	856
586	857
323	308
30	26
30	27
147	262
43	1274
43	1275
43	1276
43	1277
26	706
26	707
67	1
67	2
153	961
358	323
169	357
169	458
169	26
169	27
397	7
171	338
171	440
496	353
207	524
207	525
207	526
207	527
207	528
207	529
207	530
207	448
207	449
207	450
207	451
207	452
207	453
207	454
207	531
133	455
133	609
133	610
133	611
235	39
235	28
55	262
84	834
179	661
224	519
116	881
12	612
31	26
321	343
321	344
35	271
35	273
35	274
26	1278
233	1279
67	779
67	780
67	781
67	782
280	185
169	483
109	1280
216	357
216	458
138	209
9	822
9	823
9	824
148	851
40	506
19	761
19	762
19	763
19	764
49	970
101	854
469	551
469	552
115	631
414	410
414	411
414	543
414	544
414	545
198	75
358	902
358	672
587	765
155	263
13	599
13	600
13	601
13	603
138	1011
259	1043
259	1044
448	1281
588	26
211	509
211	510
211	511
84	1159
121	34
116	1100
221	1282
35	440
493	545
43	631
198	1283
198	1284
198	1285
10	1286
589	187
589	188
589	189
589	249
589	190
589	443
589	191
589	140
589	253
589	254
589	180
169	18
275	47
275	78
275	118
275	127
275	209
277	387
277	388
14	10
14	11
14	13
590	514
77	1287
453	202
207	121
156	513
148	1115
18	1254
18	1255
18	1256
18	1257
346	418
346	419
346	420
346	421
346	422
346	423
346	562
344	27
115	1288
591	7
233	533
233	534
358	358
405	88
405	72
405	73
405	74
405	47
13	1289
171	127
171	80
19	1290
19	1291
258	572
258	573
273	95
167	1292
264	770
592	1293
43	619
43	462
43	835
43	620
43	463
43	464
43	465
593	106
277	1241
277	1294
241	126
470	813
279	411
279	545
259	657
234	943
335	1027
335	1028
335	1029
594	1295
595	63
595	64
595	65
595	66
595	67
595	68
346	459
221	1296
264	1297
35	365
196	201
80	132
596	186
597	410
597	411
597	543
597	544
597	545
337	17
598	26
598	1298
598	1299
150	320
150	321
150	322
150	574
218	789
282	26
282	27
599	506
599	507
250	17
140	1046
600	1300
600	1301
600	1302
600	1303
3	483
135	383
26	1304
73	192
587	426
14	1305
14	1306
562	1307
13	186
585	276
585	277
585	278
138	47
138	78
138	118
78	902
78	672
601	877
286	140
286	180
286	258
286	259
286	260
286	181
286	182
286	183
286	184
286	303
286	222
286	223
286	224
286	401
286	402
286	304
286	305
286	306
286	307
286	404
286	589
286	471
235	465
84	1308
84	1309
6	770
577	75
503	1310
503	1311
503	1312
31	514
408	394
26	761
26	762
26	763
26	764
26	1045
280	709
403	70
403	71
113	610
113	611
274	844
274	1115
274	845
274	673
274	674
274	675
92	2
127	262
259	324
148	1081
122	263
235	370
415	48
6	387
6	388
602	1313
347	19
603	20
604	1314
604	1315
604	1316
604	1317
604	1318
604	1319
605	1320
181	240
241	959
354	19
211	443
211	649
335	543
335	1015
335	731
101	19
179	363
179	462
179	463
179	464
179	465
179	481
6	1039
6	1040
6	1041
6	1042
6	261
116	1070
116	1071
116	1082
116	1083
116	1084
116	809
116	1143
116	1145
116	1146
116	864
116	1147
116	1321
507	545
507	1010
586	507
518	777
115	1127
115	1129
115	1130
606	123
606	125
606	126
135	289
482	558
482	559
155	403
274	878
27	393
27	394
78	323
413	506
133	121
133	122
133	123
133	124
133	125
133	126
76	48
76	49
211	815
179	76
179	155
179	77
3	25
607	295
607	296
607	297
607	298
530	4
530	5
530	6
135	199
10	1322
158	1088
109	1323
277	24
277	30
83	1324
83	1325
54	902
54	672
207	102
207	103
207	104
452	48
452	49
289	397
289	476
289	477
289	478
289	590
289	591
289	592
289	593
289	596
608	507
609	1
609	2
221	1326
16	1327
26	1328
277	791
14	1329
138	55
184	252
508	628
210	141
505	421
505	422
505	423
505	562
12	22
12	23
143	946
143	947
143	509
143	510
143	511
593	1330
474	56
14	1331
14	1332
14	1333
14	1334
14	1335
13	75
77	1336
77	1337
271	1003
259	714
211	397
211	476
211	477
211	826
211	592
211	593
211	596
610	1338
611	549
611	550
335	732
335	1010
343	17
291	128
291	129
291	130
291	156
291	58
291	157
291	199
291	60
291	93
291	200
291	363
291	271
291	619
291	272
291	273
291	462
291	620
291	274
291	463
291	464
154	907
612	507
507	543
344	17
613	1339
613	1340
345	17
93	132
93	82
410	226
410	227
280	433
109	1341
368	350
413	1007
37	587
614	26
614	27
184	441
211	597
148	1342
194	543
194	544
194	545
154	119
35	474
615	26
615	27
309	389
280	294
164	149
164	150
164	151
164	152
358	38
158	37
277	1211
277	852
277	640
277	289
277	1214
277	470
494	230
150	95
616	962
616	963
616	964
616	965
616	966
617	418
617	419
617	420
103	38
502	578
502	579
232	104
55	626
6	436
618	166
35	1343
615	483
504	418
504	419
504	420
504	421
504	562
10	1344
353	580
218	981
138	48
138	49
279	348
502	489
502	490
502	492
502	493
619	1345
289	597
116	876
377	704
518	1149
620	1089
14	483
232	1007
362	313
194	737
289	1346
289	1347
289	1348
613	1349
198	1350
198	1351
621	240
277	363
277	625
579	89
579	90
579	91
579	92
622	1352
282	1353
536	301
258	854
101	45
101	316
179	268
291	127
116	592
116	596
167	387
167	388
115	440
157	195
157	287
157	365
16	816
16	95
420	553
420	1015
420	1010
420	1086
41	1354
302	688
286	403
526	128
526	129
526	130
526	156
526	58
526	157
526	199
526	60
526	93
526	200
526	363
526	271
526	619
526	272
526	273
526	462
526	620
526	274
526	463
526	464
6	512
3	39
3	28
3	29
35	1080
425	412
171	357
324	533
258	186
258	840
468	551
468	552
623	342
624	312
181	1355
63	144
159	391
159	392
241	684
625	410
625	411
625	545
388	250
388	345
388	346
626	790
232	381
101	1356
179	128
179	129
154	726
154	727
6	186
627	33
352	17
93	140
93	182
93	183
93	184
93	223
93	224
628	215
628	216
628	217
628	218
628	219
628	220
10	533
10	534
137	506
422	1357
216	18
126	1007
126	1358
629	412
425	731
425	732
113	135
379	396
292	17
232	506
110	934
210	1033
210	1034
210	1035
520	123
520	126
520	120
154	270
116	814
12	375
12	376
12	377
12	473
35	391
35	392
309	172
309	173
309	174
422	1359
422	1360
422	1361
109	724
277	210
277	290
271	548
252	233
252	234
235	625
235	619
235	835
235	620
101	1056
101	1057
6	612
586	342
630	507
309	659
26	1148
67	1362
153	881
579	186
405	201
405	225
405	226
405	227
405	228
92	262
271	564
64	548
148	610
148	611
631	301
594	1363
632	36
632	43
632	109
632	110
213	724
10	1123
633	1364
109	1219
476	126
476	120
634	1181
634	1182
634	1183
634	1184
223	56
289	999
356	17
317	229
93	188
93	189
216	1365
216	1220
216	1151
216	905
216	906
76	455
76	609
22	320
22	321
22	322
22	574
55	1
55	2
101	349
377	1366
62	506
62	507
309	427
135	88
135	72
135	73
67	777
635	410
635	411
635	544
162	320
162	321
162	322
162	574
64	262
38	83
38	84
38	85
38	86
38	87
526	39
526	42
143	945
198	1367
164	522
109	1072
636	63
636	64
636	65
636	66
636	67
636	68
57	507
478	178
526	25
526	37
526	79
526	61
526	40
526	62
526	41
637	1
637	2
198	788
10	1368
10	1369
10	1370
638	704
220	145
336	746
86	396
86	132
19	12
362	185
639	507
289	1185
3	813
640	1137
640	1138
525	1007
430	506
430	1007
434	506
434	1007
135	1371
164	455
164	609
164	610
641	240
360	17
109	1372
642	63
642	64
642	65
642	66
642	67
642	68
607	410
607	411
607	544
440	294
643	1373
10	1339
10	1374
80	1375
621	45
104	575
197	919
405	141
405	263
123	1376
6	703
309	709
26	683
109	1377
155	1174
155	1175
241	141
340	548
258	564
232	378
232	379
232	214
303	119
644	514
82	244
179	136
179	138
291	76
529	412
529	543
529	545
116	1114
221	268
221	196
221	364
440	75
589	507
629	410
629	411
645	83
645	84
645	85
645	86
645	87
221	72
221	475
44	704
158	777
646	411
646	545
258	657
258	701
18	1378
320	873
362	760
647	166
155	1149
271	1379
271	1380
271	1381
271	1382
271	1383
271	1384
255	385
440	314
440	315
109	213
648	1385
648	1386
649	12
221	58
221	60
221	93
221	200
221	271
221	273
202	17
650	33
364	17
365	17
155	17
437	17
271	89
271	90
271	91
271	92
271	143
206	338
206	440
651	1137
651	1138
258	384
652	10
652	11
652	13
653	10
653	11
653	13
440	178
582	411
582	545
271	833
654	19
220	121
220	122
6	232
271	316
206	209
320	178
303	231
441	506
441	1007
255	1387
255	250
255	345
255	346
255	347
189	980
15	22
15	23
120	532
271	842
440	387
440	388
109	1006
336	772
271	212
440	349
655	506
271	840
181	547
656	507
657	860
370	17
371	17
89	132
372	17
105	132
285	506
442	17
443	17
7	166
277	410
277	411
56	688
109	1388
271	760
658	548
659	12
4	166
5	166
660	38
258	1101
661	496
661	497
661	498
206	544
493	507
206	118
331	445
331	446
109	1354
611	301
151	521
181	1372
662	506
662	507
210	17
445	17
446	506
446	1007
109	1389
663	410
663	411
663	543
663	544
375	17
664	506
664	507
257	17
258	700
474	670
109	1390
300	143
151	1391
151	1392
181	805
181	806
181	807
555	143
14	1253
354	45
8	739
258	1393
18	1394
65	31
65	32
300	349
320	1297
109	532
258	44
18	1395
665	999
18	1396
261	185
26	1397
25	952
354	75
8	626
573	387
573	388
181	417
109	714
14	161
151	1159
261	315
666	240
667	240
320	648
555	709
300	232
258	672
668	240
175	1134
133	1398
669	240
110	1399
175	1386
151	1400
196	1086
26	744
250	742
242	411
242	545
363	1358
153	1401
14	394
354	89
354	90
354	91
354	92
670	1402
670	1403
250	1404
250	1405
250	1406
266	1407
26	144
555	75
494	1408
18	1409
18	1410
18	1411
84	1399
84	1013
84	1014
151	1412
18	1413
451	44
109	1414
122	1287
671	240
672	121
672	122
672	123
672	124
672	125
672	126
258	45
151	442
673	33
14	1415
14	1416
14	1417
14	1418
133	1419
67	1174
67	1175
133	1420
133	1421
133	1422
8	261
669	312
674	549
674	550
398	104
14	1423
14	1424
77	144
402	63
402	64
402	65
402	66
402	67
402	68
49	700
49	1425
451	135
485	1426
218	1427
218	1161
49	703
49	1221
196	1428
196	1429
26	728
164	1430
675	410
675	411
24	580
156	1431
676	312
451	75
110	1432
315	1433
14	1110
252	1434
252	1435
252	1436
252	1437
250	828
676	45
49	714
261	863
26	1438
598	358
598	359
598	360
598	361
49	1439
49	1440
49	1441
49	1442
49	1443
49	1444
164	1066
164	832
677	293
35	288
35	480
67	1445
354	294
49	1446
18	1447
43	1448
455	543
3	1449
26	960
14	1450
14	1451
678	411
678	545
49	1289
277	315
668	312
671	312
261	212
196	1452
196	514
670	410
670	411
309	1453
129	1454
455	545
455	1010
679	442
264	32
315	917
315	1324
315	1325
547	1455
73	293
104	345
104	346
216	390
322	809
322	864
156	1456
223	309
481	671
545	737
579	1457
322	476
322	826
322	592
322	596
133	1329
210	441
680	1458
681	1458
452	769
250	335
86	587
110	1459
110	1460
84	1459
84	1460
116	347
43	1343
67	1461
67	1462
397	1062
380	1358
322	1082
322	1084
322	1143
322	1146
322	1147
322	1321
110	1463
26	18
26	1464
26	1465
67	1466
104	1143
104	1145
104	1146
104	1147
322	876
151	1467
264	1043
264	1044
261	1468
545	410
545	411
150	798
322	783
78	836
676	240
49	1135
49	1469
451	139
67	1470
67	1471
67	1472
67	1473
78	767
78	1032
103	250
450	428
481	178
543	45
155	588
459	324
43	454
43	531
566	56
155	1474
150	606
669	45
300	564
43	713
43	993
67	1253
449	981
169	1475
169	1253
169	1476
455	737
215	768
215	769
452	1477
19	1478
19	1479
481	400
110	1480
110	1481
84	1480
84	1481
35	263
16	773
122	590
122	591
122	592
122	593
122	594
122	595
122	596
19	293
18	1482
223	1483
261	1484
261	1485
164	1486
216	866
216	474
204	1487
72	30
156	545
19	1488
84	1463
210	1069
43	527
43	528
67	1489
159	209
682	790
682	836
300	828
49	1490
321	141
196	1169
196	1170
196	1491
16	186
67	1492
104	1493
104	1494
104	1495
104	1496
155	1253
353	393
353	394
406	177
250	508
250	587
84	1497
485	1058
143	1498
264	324
408	1148
198	1499
164	632
164	633
164	495
164	851
164	598
164	434
104	876
104	1164
104	1500
104	1165
104	1501
104	1502
104	1503
104	1504
104	1505
104	1506
104	1507
104	1508
104	1509
155	1434
225	146
225	147
225	148
225	149
225	150
258	1297
49	1510
49	1511
49	1512
223	1513
683	790
684	746
684	747
684	748
315	1514
344	412
344	543
344	544
344	1015
344	731
344	732
685	342
26	1515
555	1
555	2
77	407
382	746
382	747
382	748
382	768
382	769
459	1297
121	648
67	1516
67	522
593	455
593	609
593	610
593	611
156	543
170	409
84	848
84	849
264	760
26	816
27	372
122	705
49	1517
44	514
152	1352
686	75
16	144
67	1518
104	1519
104	1520
104	1521
562	1522
27	812
322	597
322	814
322	815
322	1133
138	1202
459	558
687	207
687	102
687	208
687	103
687	104
143	153
264	1072
560	26
157	1523
157	1524
157	1525
157	1526
196	1527
43	1288
43	1528
67	1529
688	56
149	739
153	397
596	314
596	315
104	1141
104	1142
109	1012
83	153
77	1178
77	1179
138	1073
138	1074
138	1075
138	838
138	839
354	1454
388	247
388	248
49	1530
49	1531
60	809
60	864
60	1532
264	788
115	1533
35	1211
35	1214
196	1534
214	1386
133	1535
86	1536
689	3
394	75
3	1375
387	809
387	864
387	1532
44	999
157	1537
196	1538
43	575
67	1539
67	1540
67	1541
67	1542
67	1543
95	132
142	1368
142	1369
142	1544
142	1370
142	1545
142	1546
142	1547
142	1548
142	1549
142	1550
142	1551
18	1552
18	1553
487	1554
264	637
264	638
264	639
115	1555
115	1556
196	1557
690	128
690	129
690	130
164	1558
109	1355
216	1559
220	684
24	153
29	1327
122	778
122	779
122	780
122	781
122	782
122	784
122	1070
122	1071
122	1082
122	1084
122	1143
122	1146
122	1147
122	1321
122	247
122	248
49	1560
49	1297
223	1367
387	778
264	1561
264	558
264	559
10	1562
80	227
80	228
691	507
691	1007
158	264
158	265
692	1012
18	1563
18	1564
12	1062
167	241
167	1565
167	1566
167	1567
264	1003
315	1568
315	1569
35	880
93	1570
559	410
559	544
596	212
216	574
216	767
216	1032
563	27
14	1571
14	1558
14	792
14	793
14	794
14	795
13	1572
107	1408
37	508
37	663
37	664
37	665
37	666
37	667
37	668
259	1223
22	580
614	960
614	888
156	1122
49	1573
502	212
60	778
693	455
693	609
693	610
693	611
143	187
694	57
264	1177
323	641
261	1218
309	1574
43	187
43	188
43	189
43	249
43	190
153	778
153	779
153	780
153	781
153	782
153	783
153	784
153	1100
153	443
169	1
695	1575
220	1321
220	1576
220	1577
277	1016
353	135
404	443
404	339
404	340
404	255
404	256
404	257
404	258
404	259
404	260
404	181
404	303
404	222
404	397
241	207
241	102
241	208
241	103
241	104
150	1578
150	1579
138	438
259	1580
340	1434
340	1435
340	1436
340	1437
481	318
60	1581
60	1582
60	1583
60	1584
60	1585
60	1586
60	1114
565	506
116	842
491	28
491	29
384	1358
67	1587
164	1588
696	1589
358	1590
220	1519
220	1521
220	1591
697	1592
697	1593
697	1594
697	1595
697	1596
404	306
404	307
404	403
404	705
271	772
259	1056
259	1057
112	262
115	1597
321	153
196	1598
26	1599
26	1600
67	1287
545	999
395	1358
156	1601
156	458
49	1602
49	1603
49	1604
49	1605
49	1606
49	1607
55	146
55	147
55	148
55	149
55	150
55	151
55	152
170	554
110	551
110	552
12	770
237	981
472	1007
266	1608
264	1393
463	412
463	543
463	544
463	1015
463	731
463	732
463	1010
35	276
376	390
67	1609
67	1491
67	1610
10	1611
153	339
153	340
158	474
158	207
158	208
216	958
14	1574
324	877
37	1612
219	1434
219	1435
219	1436
219	1437
64	1305
64	1306
698	422
698	423
170	416
110	414
6	1135
394	143
3	1613
3	1148
167	1446
167	1224
221	1614
264	1223
315	1615
115	289
196	1616
196	1617
328	1129
328	1130
328	1132
67	1618
67	1619
67	1307
67	1220
67	1620
198	1621
104	827
216	1622
216	1623
216	1624
220	1532
587	981
486	964
486	965
486	966
699	233
699	234
699	235
699	236
699	237
699	238
215	69
278	1625
259	1039
259	1040
259	1041
259	1042
325	837
84	1008
551	910
551	646
217	271
217	272
217	273
217	462
217	274
217	463
217	464
217	465
217	370
6	367
264	703
323	1626
323	1627
323	1628
323	1629
321	283
321	286
321	351
146	424
146	425
135	286
67	353
67	1630
67	881
67	1631
198	1632
561	145
149	1026
153	342
97	293
700	1633
700	1634
700	1635
700	1636
353	345
353	347
521	1036
368	250
368	345
368	346
368	347
207	1637
37	1638
81	1639
701	1241
508	584
508	585
508	586
508	799
508	800
258	1425
179	1011
179	1640
167	1530
221	575
487	1641
487	1642
323	844
323	845
323	1342
323	1643
323	1644
323	1645
323	1646
35	456
196	1647
43	1648
26	1354
26	1047
26	1048
26	1049
26	1649
26	1336
26	1337
702	29
702	24
702	30
702	25
702	37
702	40
169	1365
104	641
158	1650
109	1651
216	877
598	283
259	1102
49	972
433	1535
703	855
703	856
703	857
121	889
121	890
121	1378
217	128
217	129
577	45
167	850
264	1517
35	1652
43	634
43	635
43	636
43	1653
26	1654
26	1655
26	1656
26	1657
26	1658
26	1659
159	338
14	458
150	1660
150	1661
150	1662
150	1663
355	141
45	1664
156	187
340	1468
148	913
148	1665
388	352
388	355
49	1290
49	1666
49	1291
183	483
346	75
311	981
3	26
3	27
167	316
264	854
704	841
115	643
115	1343
705	215
705	216
705	217
705	218
705	219
705	220
321	1449
35	1648
146	626
43	1104
43	1105
233	1667
233	1668
233	1669
67	1375
198	139
164	1670
164	1671
164	831
358	789
104	1133
104	1581
104	1582
104	1585
104	1586
106	407
106	408
207	684
219	1203
49	1672
49	1673
49	1674
49	1484
49	1485
520	746
520	747
520	748
217	650
575	412
311	143
706	295
706	296
706	297
196	1675
93	746
93	747
93	748
26	1676
26	1488
328	1677
328	1678
67	1434
67	1065
67	947
153	401
153	402
552	311
104	342
707	1679
220	1680
220	1681
220	1682
220	1683
220	1684
220	1685
220	1686
220	1687
277	232
14	514
192	1434
192	1435
192	1436
192	1437
257	1688
708	95
22	588
178	1012
490	1689
86	311
479	506
479	1007
84	117
116	1085
116	1690
116	1493
167	167
167	788
167	89
167	90
167	91
167	92
167	724
167	1517
167	170
167	171
167	175
167	176
487	1691
487	1246
487	1247
491	25
491	37
31	952
321	1692
196	369
196	575
26	1693
233	1694
67	1695
280	657
280	1696
153	404
153	471
153	403
552	565
163	146
163	147
163	148
163	149
163	150
163	151
163	152
358	761
358	762
358	763
358	764
358	1045
169	628
104	1531
709	828
378	1697
353	1698
14	1516
77	1699
77	1488
322	705
103	476
259	850
398	607
398	608
710	28
710	29
710	24
710	30
710	25
710	37
170	1013
170	1014
110	117
346	56
575	543
575	544
575	545
116	1531
264	873
323	432
464	917
464	1324
464	1325
393	1358
35	1700
35	1701
35	1702
35	1703
35	1704
43	654
67	1149
198	701
198	1705
80	187
80	188
80	189
80	254
80	255
80	256
80	257
80	258
80	259
80	303
80	478
80	479
80	401
80	402
80	589
80	591
80	594
80	595
80	597
546	372
546	373
546	374
546	375
546	376
546	377
546	473
1	153
220	1085
220	1493
14	902
14	672
14	626
14	858
405	288
405	480
584	610
584	611
585	286
585	351
585	353
550	533
103	799
103	800
103	801
103	802
103	803
103	804
259	558
259	559
382	177
223	106
154	1706
217	39
217	42
217	59
217	80
116	18
116	1164
116	1500
116	1165
3	195
167	1707
377	514
711	746
711	747
711	748
264	1289
558	232
261	95
115	642
35	529
35	530
35	448
35	449
35	450
35	451
35	452
35	453
493	553
330	141
233	998
67	1708
67	1709
67	1710
67	1711
67	1712
67	1713
198	318
280	1062
712	560
712	561
713	560
713	561
220	509
220	510
220	511
277	1714
277	1715
714	997
77	773
171	613
368	1090
368	1091
78	350
259	828
701	24
156	140
156	180
156	260
156	181
156	182
156	183
156	184
156	222
156	223
156	224
156	304
156	305
156	306
156	307
156	404
156	471
156	403
588	389
148	799
148	800
148	801
148	1504
148	1505
148	802
148	803
148	804
148	1507
148	1509
148	1716
148	1717
148	1085
148	1718
148	1690
148	1493
148	1719
49	873
235	73
235	74
235	47
235	35
235	42
346	859
706	121
706	122
706	123
706	124
706	125
706	126
221	1720
143	201
143	225
143	226
143	227
143	228
264	935
264	936
264	937
264	938
67	855
80	785
80	786
163	744
216	323
220	697
715	1721
14	1722
13	1016
150	1280
192	55
257	1723
257	1724
257	1725
257	1726
207	953
207	954
207	955
207	956
207	957
259	1727
382	712
710	1617
716	912
716	1188
716	1191
273	140
273	181
273	182
273	183
273	184
273	222
273	223
273	224
273	304
273	305
273	306
273	307
273	404
273	471
273	403
717	1575
237	1728
487	1729
487	1730
487	1731
487	1732
264	170
264	171
264	175
264	176
261	83
261	84
261	85
261	86
261	87
414	1733
414	1734
414	1735
613	1736
613	1737
67	1519
67	1520
67	783
67	1738
10	1638
10	1739
10	1740
474	232
169	1741
397	659
482	170
482	171
482	172
482	173
482	174
482	175
482	176
277	1043
277	1044
14	798
718	372
718	373
718	374
718	375
718	376
718	377
718	473
106	1676
219	252
156	1742
156	26
459	135
263	1743
263	1744
263	1745
263	1746
263	1747
19	1045
480	553
480	1015
480	1010
480	1086
49	1748
235	25
235	37
179	1720
116	433
719	295
719	296
719	297
30	952
261	26
261	27
414	1015
414	731
414	732
196	1320
93	1320
93	1168
309	646
67	649
256	94
163	1749
720	1136
721	1136
596	349
220	629
722	1615
13	555
113	728
171	960
171	888
192	143
103	705
103	1114
103	1590
103	960
103	888
219	26
219	27
588	27
49	891
49	892
49	893
49	894
49	895
49	896
49	897
49	898
49	899
223	542
55	144
703	1514
623	1468
116	910
116	646
116	1750
116	172
116	173
116	174
167	564
221	1751
221	1752
221	1753
221	1264
221	1265
221	1266
221	1267
221	1754
221	1268
221	1269
221	1270
221	1755
221	1271
221	1272
264	1756
344	26
493	543
493	544
196	628
43	1757
43	1758
43	1759
334	1007
334	1358
67	1760
198	1006
36	207
36	102
36	208
36	103
36	104
153	960
153	888
153	1149
164	1761
596	324
358	359
358	360
358	361
358	472
358	201
358	225
723	44
587	1514
563	1762
159	268
14	1174
14	1175
718	902
718	672
171	319
368	320
368	321
368	322
279	534
259	1756
293	18
38	1600
460	357
40	952
19	1666
478	56
394	318
143	1763
264	1224
330	55
67	397
724	426
198	178
10	1764
187	888
14	140
14	180
77	1572
257	1225
34	952
324	1765
259	1200
64	1766
64	1767
64	1768
64	1769
725	426
148	1770
726	38
210	1304
558	318
321	184
93	1771
198	240
474	143
589	339
589	340
589	255
589	256
589	257
589	258
589	259
589	260
589	181
589	182
589	183
589	184
589	649
589	303
589	222
589	223
589	224
589	397
589	876
589	476
589	477
589	478
589	479
589	401
589	402
589	304
589	305
589	306
589	307
589	826
589	404
589	589
589	471
589	590
589	591
589	403
589	592
589	593
589	594
589	595
589	596
589	827
589	597
400	1358
727	1575
104	389
109	1772
124	250
124	345
124	346
124	347
14	224
14	307
14	403
14	1773
584	295
584	296
584	297
584	298
584	299
584	685
584	908
103	589
103	590
103	591
103	593
103	594
103	595
103	597
259	170
259	171
259	172
259	173
259	174
259	175
259	176
184	1774
184	1775
148	1570
148	830
148	831
148	432
148	1501
478	75
49	1328
18	637
18	638
18	639
232	121
232	122
232	123
232	124
232	125
232	126
6	1354
728	3
116	1519
12	766
167	1043
167	1044
31	705
31	1114
31	1776
62	439
414	412
26	1777
26	314
26	315
67	656
483	1778
729	33
106	146
106	147
106	148
106	149
106	150
106	151
106	152
113	1366
150	767
150	1032
150	104
564	384
103	167
338	310
338	407
338	408
37	332
37	333
37	334
37	335
37	337
156	1779
99	1007
19	881
235	88
235	72
232	1780
55	310
55	407
55	408
311	153
116	170
116	171
116	175
116	176
624	44
730	1781
730	1782
730	1783
730	1784
309	26
309	27
135	1103
135	1104
135	121
135	122
135	123
135	124
135	125
135	126
135	1105
731	7
328	1785
328	1786
233	1787
10	622
10	623
10	853
10	624
10	869
10	870
280	387
280	388
732	1458
358	1631
358	1090
358	1091
104	18
109	1003
109	1788
482	1059
220	705
220	808
277	63
277	64
277	65
277	66
277	67
277	68
404	95
14	1259
14	1260
14	1261
14	1262
14	1263
405	136
405	137
405	138
562	1618
562	1619
733	177
274	846
54	509
54	510
54	511
138	72
138	73
138	74
259	1696
734	422
734	423
211	1789
211	1790
122	777
573	294
662	26
662	27
223	313
735	1791
735	1792
735	1793
735	1794
735	1795
736	201
737	390
600	1796
116	1590
116	960
116	888
116	669
116	1797
116	384
12	186
3	1798
3	1799
3	1800
167	1797
221	1801
143	438
738	94
321	32
93	1802
309	1803
309	1163
16	1305
16	1306
67	1804
198	724
10	1805
280	1580
358	606
63	162
63	163
277	1785
277	1786
277	916
277	1243
277	1244
113	1806
585	279
585	280
585	281
585	362
585	282
585	284
470	606
45	7
156	1807
38	656
40	1358
110	1219
84	1808
84	1809
101	241
121	1413
221	1810
221	1811
739	251
326	776
264	657
558	902
558	672
93	911
93	912
93	1188
93	1189
93	1190
93	1191
43	819
328	1448
67	1114
67	144
740	166
169	1110
169	1113
169	1541
169	1542
169	1543
169	1812
169	1813
169	1814
169	1815
275	196
275	475
277	1816
14	1618
14	1619
14	1307
14	26
405	58
405	60
405	93
13	760
274	1570
171	250
171	345
171	346
171	347
218	323
218	606
271	1817
271	1818
271	1819
37	324
37	413
38	546
286	187
286	188
286	189
286	249
286	190
286	191
286	253
286	254
286	339
286	340
286	255
286	256
286	257
286	397
286	476
286	477
286	478
286	479
508	1366
258	1009
179	209
469	1008
116	1141
116	1142
116	1144
167	1552
167	1553
264	951
607	684
321	1220
321	1151
321	905
321	906
414	1820
605	1821
153	7
24	1822
405	78
405	118
13	170
13	171
13	172
13	173
13	174
13	175
13	176
225	901
77	293
399	1358
78	813
9	820
9	821
103	18
355	1823
259	1297
148	1824
396	728
99	507
235	481
481	26
481	27
110	1308
110	1309
101	178
741	291
741	292
221	1825
221	1826
221	1827
221	1828
221	1829
221	1830
221	1831
221	1832
221	1833
221	1834
377	63
377	64
377	65
377	66
377	67
377	68
624	240
742	57
465	671
35	613
35	713
35	993
35	614
35	615
243	484
243	485
243	487
243	488
243	491
243	494
243	578
243	579
606	124
606	145
43	1294
135	482
26	1835
26	1836
531	121
531	122
531	123
531	124
531	125
531	126
198	1003
743	549
743	550
1	143
169	810
169	247
597	731
597	732
707	1837
277	122
277	123
277	124
277	125
277	145
124	588
494	214
14	1434
14	1435
14	1436
14	1437
14	855
225	798
150	346
78	358
617	309
259	935
259	936
259	937
259	938
142	903
38	1657
38	1658
38	1659
99	555
99	760
19	95
703	295
703	296
179	959
179	1810
179	1811
6	349
394	547
116	212
12	701
326	251
744	410
744	411
744	545
228	38
264	1059
745	55
421	410
421	411
421	543
421	544
421	545
421	1015
421	731
421	732
421	1820
196	1838
233	1420
67	304
67	305
67	404
67	471
67	1047
67	1048
67	1049
67	366
198	1219
10	1839
280	186
605	455
400	777
155	439
187	18
14	1840
14	1841
14	1842
14	1843
598	27
41	314
225	1110
241	366
78	606
103	778
103	779
103	780
103	781
103	782
103	783
103	784
103	443
103	1070
103	1071
103	1082
103	1083
103	1084
103	809
103	1143
103	1145
103	1146
103	864
103	649
103	1147
259	1323
259	788
156	1844
156	1845
156	1846
156	1847
156	1848
156	1849
211	809
211	864
211	1850
286	135
148	1851
148	1852
122	1434
122	1435
122	1436
122	1437
445	1046
3	37
3	40
746	185
464	789
408	1253
243	314
243	315
67	1853
280	1017
36	1103
36	1104
36	1105
104	167
275	55
24	798
205	49
14	27
562	1415
562	1416
562	1417
562	1418
171	268
171	196
171	364
215	533
215	534
71	1
71	2
355	1210
127	509
127	510
127	511
259	1003
234	1854
211	705
211	1114
86	324
101	1009
551	141
551	26
291	154
291	382
291	383
291	210
291	505
291	211
291	371
291	290
291	625
291	835
602	1376
747	310
116	1046
116	178
221	1073
221	1074
221	1075
143	1855
143	1856
143	1857
143	1858
202	1859
264	564
748	746
748	748
115	1132
115	1860
243	186
686	185
26	1861
26	789
80	628
80	1610
749	1862
104	384
397	75
277	1863
277	1864
277	1865
205	963
205	964
205	965
205	966
113	358
113	359
550	1688
138	127
138	1866
399	506
9	1096
9	1097
207	207
207	208
103	384
112	461
122	357
122	458
49	1177
235	650
140	455
140	609
140	610
12	19
3	102
693	1867
750	1246
750	1247
221	1868
264	1016
321	447
43	314
410	228
67	1869
198	1870
198	135
158	1871
597	412
220	814
220	815
155	705
155	1872
155	1873
155	1874
155	1875
155	1876
405	40
405	41
751	426
752	746
752	747
752	748
752	768
752	769
148	1877
508	950
735	1123
735	1368
735	1369
101	715
289	705
52	1878
6	313
462	1879
116	1576
116	1577
507	1015
507	731
507	732
3	933
167	1880
167	1881
167	1882
167	1883
167	1884
408	350
408	902
408	672
196	1823
296	263
147	150
147	151
147	152
10	390
753	384
593	435
327	411
327	545
275	140
754	29
754	24
754	30
277	1106
755	349
729	628
313	295
313	296
313	297
413	1358
279	410
279	543
279	544
355	1885
466	1468
234	1866
734	447
734	343
734	344
122	1886
122	1353
258	1887
258	1888
502	576
502	577
84	1889
101	1890
101	314
101	315
101	135
6	1059
487	1891
487	1892
487	1893
472	38
115	1528
43	1894
43	1895
10	1896
10	1897
10	1898
474	466
474	391
474	392
474	467
474	631
164	146
164	147
164	148
169	323
169	606
587	917
197	1899
197	1900
197	1901
405	59
568	121
568	122
568	123
568	124
568	125
568	126
729	599
729	600
729	601
729	603
241	122
241	123
241	124
241	125
78	1902
78	1903
78	1904
259	1905
259	1906
211	876
662	389
335	1086
736	507
756	917
210	263
179	650
6	1009
612	506
612	1007
612	1358
757	140
757	182
757	183
757	184
757	222
757	223
757	224
757	306
757	307
44	952
227	38
586	506
264	659
748	389
261	288
261	480
261	368
261	1720
96	192
35	866
157	654
43	1555
43	1556
26	1907
118	293
758	790
758	836
198	1118
280	873
153	178
164	1908
510	57
220	855
220	856
24	187
14	1909
692	1910
457	553
457	412
83	26
759	283
616	1911
616	1912
616	1913
616	1914
616	1915
616	1359
616	1360
616	1361
138	1640
207	523
259	902
259	672
219	143
45	746
340	410
340	411
340	544
340	545
211	1916
122	1539
760	7
415	1320
415	1168
101	186
140	1514
140	1917
140	1918
140	1919
761	389
526	210
526	211
526	290
526	625
526	835
264	1580
185	335
96	162
96	163
408	706
243	1177
196	225
196	226
196	1920
196	1921
196	1922
296	1803
26	758
10	1923
109	1924
220	827
124	1353
336	840
14	1925
225	201
225	225
225	226
171	1926
207	1450
207	1451
355	1927
127	96
127	97
127	98
127	99
127	100
127	101
64	146
64	147
64	148
64	149
64	150
64	151
64	152
156	1631
156	1090
156	1091
156	1928
234	950
354	427
148	1643
148	1644
762	3
468	734
210	323
210	606
179	364
194	1015
194	731
194	732
763	981
764	1929
765	372
422	1930
422	1931
422	1932
422	1933
158	40
41	1934
41	1935
41	1936
584	1823
77	1356
54	1937
496	838
496	839
160	1640
766	499
766	500
766	501
766	381
766	502
766	503
324	1368
324	1369
324	1370
324	1545
37	348
398	123
398	126
398	120
767	1148
148	1140
258	703
235	482
101	637
101	638
101	639
736	1587
608	506
768	971
445	1320
445	1168
769	997
261	1938
261	1939
261	1940
35	1941
196	1942
93	306
93	307
93	403
43	621
67	1934
67	1935
67	1936
67	1622
358	433
169	902
169	672
158	39
158	28
158	29
158	24
158	47
158	35
158	30
158	42
109	1943
277	1130
128	18
192	247
192	248
54	798
399	412
399	543
399	544
399	545
279	1944
324	534
508	1945
101	572
101	573
291	47
6	1297
6	907
770	1946
507	412
3	136
3	137
3	88
3	72
441	617
377	55
771	1947
243	951
364	728
135	549
135	550
198	106
772	733
280	484
280	485
280	486
280	487
280	488
280	489
280	490
280	491
280	492
280	493
280	494
280	578
280	579
280	1531
280	367
80	1693
773	549
773	550
512	506
512	1007
422	1948
422	1949
422	1950
422	1951
422	1952
422	1953
422	1954
422	1955
422	1956
422	1957
422	1958
277	39
277	28
277	29
277	35
629	553
425	553
171	458
271	169
617	421
617	422
617	423
617	562
133	145
133	120
133	195
234	1959
774	63
774	64
774	65
774	66
774	67
774	68
148	1960
258	1890
235	621
223	186
232	499
232	500
232	501
232	502
232	503
101	427
362	788
179	154
179	210
179	211
179	371
179	619
179	620
179	621
194	1027
194	1028
526	465
526	621
526	370
176	1665
491	549
491	550
746	1039
746	1040
746	1041
746	1042
537	888
607	299
515	891
515	892
515	893
515	894
515	895
515	896
515	897
515	898
515	899
35	466
35	467
296	283
504	1961
504	1962
67	626
95	121
95	122
95	124
363	1064
363	777
158	1963
124	1964
420	737
24	656
775	293
486	828
616	250
616	345
616	347
616	1174
616	1175
616	1176
776	1965
776	1966
776	1967
156	1858
777	294
588	295
588	296
588	297
588	298
588	299
99	170
99	171
99	172
99	173
99	174
99	175
99	176
86	1968
86	1612
232	102
232	103
94	1969
520	195
194	1029
289	1970
289	1971
6	324
6	1696
6	1224
195	389
440	367
31	888
26	626
104	212
197	326
197	327
197	328
197	329
197	330
197	331
197	332
197	333
197	334
197	335
197	336
197	337
197	632
197	633
197	495
197	851
197	598
197	434
159	466
159	634
159	635
159	636
159	467
159	631
425	1015
13	316
171	121
171	122
171	123
141	1972
141	1973
141	1974
141	1975
141	1976
141	1977
141	1978
141	1979
141	1980
141	1981
271	1982
293	69
211	827
778	48
778	49
258	907
223	818
594	1364
140	950
6	891
6	892
6	893
6	894
6	895
6	896
6	897
6	898
6	899
116	827
116	263
3	47
3	35
3	30
532	963
532	964
532	965
532	966
532	967
532	968
532	969
532	1949
532	1950
532	1951
532	1952
532	1953
532	1954
532	1955
532	1956
532	1957
532	1958
779	33
408	798
243	294
243	724
93	187
93	190
93	254
93	180
93	256
93	257
93	258
93	259
93	260
93	181
93	303
93	222
758	102
758	104
67	1983
780	135
635	412
781	951
137	1007
137	1358
782	1123
782	1368
782	1369
782	1544
782	1370
782	1545
782	1546
782	1547
782	1548
782	1549
782	1550
782	1551
14	917
14	1324
14	1325
106	816
271	417
783	999
513	1186
513	1187
325	121
325	122
325	123
325	124
325	125
325	126
148	1984
122	252
594	1985
101	548
6	572
6	573
784	372
116	1133
351	834
421	1986
309	167
135	136
135	137
135	138
67	1353
10	1987
10	1988
10	1989
10	1990
10	1991
10	1992
10	1993
10	1994
10	1995
10	1996
10	1997
10	1998
785	1102
280	715
765	410
765	411
786	34
422	1999
422	2000
422	2001
422	2002
159	319
14	1930
14	1932
14	1933
14	2003
425	1010
425	1086
13	1560
192	1773
138	2004
138	2005
138	2006
138	2007
138	2008
279	2009
279	1389
22	767
22	1032
468	2010
787	948
520	125
289	102
289	103
289	104
607	412
440	212
31	2011
31	2012
31	2013
31	2014
31	2015
31	2016
31	483
408	323
408	606
67	1064
10	1771
80	873
635	543
155	1033
155	1034
155	1035
353	2017
634	22
634	23
103	389
406	7
252	235
252	236
252	237
252	238
112	144
788	1665
148	2018
148	2019
148	1866
626	836
789	1123
789	1368
789	1369
789	1544
789	1370
789	1545
789	1546
789	1547
789	1548
789	1549
789	1550
789	1551
632	134
632	133
632	108
526	59
526	80
445	943
377	2020
377	2021
630	506
135	268
135	364
26	2022
26	2023
26	2024
26	2025
10	2026
422	1915
158	1920
109	612
109	770
109	1393
220	287
220	1218
476	123
476	125
13	1290
13	1666
13	1291
241	389
790	45
271	700
56	4
56	5
56	6
99	384
362	1221
6	760
44	455
44	609
44	610
44	611
791	293
606	120
606	195
606	287
531	193
531	194
336	747
476	195
28	2027
496	939
398	69
270	688
156	2028
232	1358
346	855
792	843
440	1056
440	1057
31	95
414	1986
280	1727
621	318
793	14
155	947
155	509
155	510
155	511
404	2029
106	1
106	2
271	2030
271	2031
625	543
625	544
625	731
625	732
235	1555
235	1556
170	1008
289	2032
607	545
607	732
607	1010
93	2029
80	135
374	111
124	95
403	229
241	2033
241	2034
241	2035
241	2036
241	2037
150	1362
794	63
794	64
794	65
794	66
794	67
794	68
76	610
76	611
112	192
156	2038
57	506
210	437
639	506
179	460
3	2039
525	506
525	1358
434	1358
135	460
10	2040
10	2041
10	2042
10	1340
635	545
635	732
635	1010
169	1789
109	2043
579	1890
795	506
795	507
796	221
796	158
796	159
257	1123
257	1368
257	1369
64	192
614	2044
46	952
55	2045
55	2046
468	251
797	57
213	117
526	81
798	128
798	129
798	130
798	154
798	382
798	156
798	58
798	383
798	157
798	210
798	505
798	199
798	211
798	60
798	371
798	290
798	93
798	200
798	363
798	625
798	271
798	619
798	272
798	273
798	462
798	835
798	620
798	274
798	463
798	464
799	63
799	64
799	65
799	66
799	67
799	68
529	737
529	553
276	57
203	342
515	212
309	135
135	475
109	641
800	26
800	27
250	746
250	747
250	748
736	18
468	1008
291	155
291	77
183	1964
183	2047
116	1581
116	1582
116	1586
801	38
430	1358
802	2048
802	2049
802	2050
802	2051
802	33
10	1544
803	57
113	308
804	25
804	37
804	40
804	41
271	1039
271	1040
271	1041
271	1042
594	2052
179	319
6	167
221	1343
440	316
644	38
805	861
781	170
781	171
781	172
781	173
781	174
781	175
781	176
216	2053
579	212
241	263
271	167
76	188
76	189
76	2054
81	1320
81	1168
46	2055
46	2056
286	1
286	2
258	833
485	19
221	88
221	643
221	865
421	1611
26	2057
26	2058
26	2059
26	2060
126	372
126	373
126	374
126	375
126	376
126	377
126	473
197	1139
648	2061
648	1134
648	221
648	158
648	159
629	545
790	38
804	24
76	778
588	496
588	497
84	2062
84	841
289	778
529	1015
529	731
529	732
529	1010
529	1086
237	1427
237	1161
221	272
806	484
806	485
806	486
806	487
806	488
806	489
806	490
806	491
806	492
806	493
806	494
806	578
806	579
440	512
309	1517
474	312
641	318
169	2063
162	767
222	768
41	417
206	613
206	614
206	615
46	2064
46	2065
289	443
221	274
221	370
582	412
582	410
582	543
582	544
10	2066
807	746
807	747
807	748
807	768
807	769
127	546
258	1017
170	934
289	1062
808	506
808	507
809	410
809	411
809	544
809	545
309	1867
589	1007
169	2067
169	2068
169	2069
169	2070
169	2071
169	2072
169	2073
169	2074
169	1822
579	324
775	22
775	23
390	179
810	301
303	468
811	33
812	1
812	2
813	2075
813	2076
813	2077
813	1821
813	2078
813	2079
813	1320
814	832
814	871
814	872
258	828
362	427
224	117
303	726
303	727
6	555
6	637
6	638
6	639
441	1358
309	143
109	1513
109	2080
271	1439
271	1440
271	1441
271	1442
271	1443
271	1444
346	389
607	543
440	186
181	515
109	1283
109	1284
109	1285
8	2081
498	244
815	166
271	349
816	385
362	178
260	22
260	23
300	75
181	918
474	135
109	2082
82	242
82	243
82	245
82	246
656	506
656	1007
656	1358
285	1007
285	1358
817	396
47	952
655	507
277	545
139	428
206	737
206	553
206	412
646	410
367	293
608	677
608	678
608	679
608	680
608	681
608	682
818	33
440	89
440	90
440	91
440	92
109	1330
258	548
258	1484
258	1485
109	2083
206	543
206	545
258	2084
258	433
258	1289
206	72
206	73
206	74
206	196
362	1517
109	657
303	519
258	612
258	770
18	1672
320	349
16	293
109	1742
539	506
539	1007
819	57
820	507
446	1358
474	318
474	44
541	1134
109	2085
109	2009
663	412
663	545
663	1015
663	731
776	549
776	550
821	980
45	952
109	2086
258	436
109	2087
258	850
320	760
109	2088
38	1468
320	2081
109	1929
320	572
320	573
109	788
151	520
109	887
109	2089
109	2090
109	2091
109	1666
109	1291
109	1446
109	1632
320	433
109	7
109	1749
109	1890
181	840
320	186
181	313
109	1290
320	828
129	2092
109	2093
258	2094
258	2095
181	1254
181	1255
181	1256
181	1257
109	1688
109	1350
109	1351
14	1475
14	1476
258	873
704	2010
181	1924
320	2096
300	324
109	2097
258	429
49	2096
320	314
320	315
18	2098
18	2099
18	2100
109	2101
129	2102
354	1017
734	411
734	545
451	760
110	2103
110	2104
670	2105
670	2106
181	386
109	2107
109	2108
181	1651
181	728
555	316
258	902
84	2103
84	2104
258	318
555	232
25	1344
250	2109
250	2110
250	2111
250	2112
250	2113
668	701
250	743
250	1023
250	1024
250	1025
669	169
181	788
181	1632
320	89
320	90
320	91
320	92
320	1756
451	309
315	2114
196	2115
181	1002
555	32
175	1385
181	1393
181	724
398	207
398	102
398	208
398	103
242	410
242	544
242	732
242	1010
822	2116
823	2117
824	2118
825	2119
826	677
827	2120
828	2121
829	2122
830	2123
762	2124
831	2125
832	2126
833	2127
834	2128
835	2129
836	2130
735	2131
837	2132
838	2133
439	2134
824	2135
762	2136
839	2136
265	2136
840	2137
762	2138
841	2138
842	2138
825	2139
492	2140
843	2141
844	2141
836	2142
845	2143
846	2143
836	2144
847	2145
848	2146
849	2147
850	2148
851	2149
852	2150
853	2150
854	2151
823	2152
855	2153
632	2154
539	2155
856	2156
857	2157
840	2158
798	2159
719	2160
858	2160
859	2160
104	2160
615	2160
860	2161
836	2161
861	2162
862	2162
831	2163
693	2164
47	2165
863	2166
864	2167
865	2167
220	2168
831	2169
3	2170
866	3
867	3
789	2171
868	2171
822	2172
869	2173
161	2174
847	2175
870	2176
871	2177
845	2178
789	2179
439	2180
242	2181
280	2182
829	2183
872	2184
839	2185
873	2186
836	2187
696	2188
846	2189
874	2190
875	2191
287	2191
242	2192
876	2193
877	2194
878	2195
227	2196
526	2197
584	2198
2	2199
683	2200
879	2201
246	2202
880	2203
881	2204
882	2205
329	2205
883	2206
884	2206
885	2207
513	2207
886	2207
601	2208
887	2209
888	2210
659	2211
889	2212
696	2213
890	2214
891	2214
366	2215
735	2215
860	2215
836	2216
883	2217
892	2217
735	2218
767	2219
523	2220
668	2221
893	2221
881	2221
79	2222
894	2223
220	2224
21	2225
179	2225
895	2226
896	2227
867	2227
897	2228
898	2228
899	2229
900	2229
901	2230
902	2231
903	2232
303	2233
904	2233
110	2233
905	2233
906	2233
907	2234
838	2235
277	2236
234	2237
335	2238
908	2239
25	2240
605	2241
909	2242
829	2243
829	2244
910	2245
911	2246
824	2247
880	2248
912	2249
874	2249
762	2250
871	2251
325	2252
508	2253
299	2254
735	2255
913	2256
20	2257
21	2257
914	2258
448	2259
584	2259
915	2259
916	2259
638	2259
917	2260
918	2261
919	2261
364	2261
421	2261
920	2262
921	2263
922	2264
216	2265
719	2266
444	2267
551	2268
669	2269
456	2270
923	2271
234	2272
789	2273
90	2274
924	2275
925	2276
823	2277
884	2278
836	2279
659	2280
79	2281
492	2282
439	2283
2	2284
20	2285
86	2286
926	2287
888	2288
170	2289
411	2290
610	2291
896	2292
927	861
928	2293
516	2294
929	2295
930	2295
832	2296
832	2297
784	2298
242	2299
931	2300
736	2300
86	2301
492	2302
631	2303
907	2304
824	2305
932	678
914	2306
933	2307
25	621
890	2308
220	2309
246	2310
363	2311
719	2312
857	2313
934	2314
834	2315
935	2316
741	2316
936	2316
881	2317
937	2318
663	2318
502	2319
938	2320
287	2321
858	2322
939	2323
909	2324
27	2325
708	2325
169	2325
765	2325
940	2325
941	2326
233	2326
942	2326
943	2326
325	2326
10	2327
552	2327
164	2327
250	2327
944	2327
277	2328
789	2329
945	2330
789	2331
897	2332
946	2333
38	2334
499	2334
277	2334
716	2335
947	2335
948	2335
46	2335
949	2335
950	2336
886	2336
951	2336
952	2336
836	2337
735	2338
953	2338
954	2338
295	2338
955	2338
471	2339
789	2340
789	2341
956	2341
957	2342
888	2343
318	2344
856	2320
958	2320
959	2345
960	2346
961	2346
962	2346
857	2346
